15;779;w 464 0 320 0 0
16;1035;w 464 32 320 112 0
17;135;w 464 64 320 224 0
18;492;w 464 96 320 336 0
81;9;d 544 416 496 416 1 0.805904783
9;224;d 240 336 368 336 1 0.805904783
226;9;d 400 240 304 240 1 0.805904783
81;13;d 544 384 496 384 1 0.805904783
13;224;d 272 368 368 368 1 0.805904783
226;13;d 400 272 272 272 1 0.805904783
269;922;d 544 384 496 384 1 0.805904783
922;123;d 272 368 368 368 1 0.805904783
125;922;d 400 272 272 272 1 0.805904783
62;135;r 624 176 624 256 0 1000.0
62;185;r 768 224 768 320 0 1000.0
81;62;r 544 304 544 224 0 4700.0
62;75;r 640 224 640 336 0 1000.0
62;84;r 688 224 688 320 0 1000.0
62;125;r 400 176 400 240 0 2000.0
62;127;r 528 176 528 304 0 1000.0
176;62;r 432 304 432 224 0 4700.0
62;157;r 512 224 512 304 0 1000.0
62;177;r 592 224 592 304 0 4700.0
62;185;r 672 224 672 304 0 1000.0
62;226;r 400 176 400 240 0 2000.0
62;236;r 624 176 624 256 0 1000.0
62;228;r 528 176 528 304 0 1000.0
269;62;r 544 304 544 224 0 4700.0
62;263;r 640 224 640 336 0 1000.0
62;272;r 688 224 688 320 0 1000.0
269;62;d 544 416 496 416 1 0.805904783
81;62;d 544 352 496 352 1 0.805904783
32;84;w 640 416 688 416 0
75;32;
32;108;w 416 464 480 464 0
123;32;r 368 400 368 464 0 2000.0
157;32;
32;161;
32;185;
32;209;w 416 464 480 464 0
224;32;r 368 400 368 464 0 2000.0
32;272;w 640 416 688 416 0
263;32;
81;75;d 544 384 592 384 1 0.805904783
75;84;
177;84;d 592 384 560 384 1 0.805904783
125;108;d 400 400 448 400 1 0.805904783
135;108;
108;127;
123;108;r 368 304 480 304 0 1000.0
236;123;d 240 336 368 336 1 0.805904783
125;236;d 400 240 304 240 1 0.805904783
135;127;w 528 464 528 368 0
135;127;
176;157;d 432 384 464 384 1 0.805904783
185;157;
177;161;d 592 384 624 384 1 0.805904783
185;161;
176;272;d 432 384 400 384 1 0.805904783
226;209;d 400 400 448 400 1 0.805904783
236;209;
209;228;
224;209;r 368 304 480 304 0 1000.0
236;228;w 528 464 528 368 0
236;228;
269;236;d 544 352 496 352 1 0.805904783
269;263;d 544 384 592 384 1 0.805904783
263;272;
525;10;d 544 416 496 416 1 0.805904783
10;348;d 240 336 368 336 1 0.805904783
350;10;d 400 240 304 240 1 0.805904783
525;14;d 544 384 496 384 1 0.805904783
14;348;d 272 368 368 368 1 0.805904783
350;14;d 400 272 272 272 1 0.805904783
438;185;d 544 384 496 384 1 0.805904783
185;480;d 272 368 368 368 1 0.805904783
482;185;d 400 272 272 272 1 0.805904783
62;492;r 624 176 624 256 0 1000.0
62;23;r 768 224 768 320 0 1000.0
23;410;
62;350;r 400 176 400 240 0 2000.0
62;360;r 624 176 624 256 0 1000.0
62;352;r 528 176 528 304 0 1000.0
401;62;r 432 304 432 224 0 4700.0
62;382;r 512 224 512 304 0 1000.0
62;402;r 592 224 592 304 0 4700.0
62;410;r 672 224 672 304 0 1000.0
438;62;r 544 304 544 224 0 4700.0
62;432;r 640 224 640 336 0 1000.0
62;441;r 688 224 688 320 0 1000.0
62;482;r 400 176 400 240 0 2000.0
62;484;r 528 176 528 304 0 1000.0
525;62;r 544 304 544 224 0 4700.0
62;519;r 640 224 640 336 0 1000.0
62;528;r 688 224 688 320 0 1000.0
438;62;d 544 416 496 416 1 0.805904783
525;62;d 544 352 496 352 1 0.805904783
32;333;w 416 464 480 464 0
348;32;r 368 400 368 464 0 2000.0
382;32;
32;386;
32;410;
32;441;w 640 416 688 416 0
432;32;
32;465;w 416 464 480 464 0
480;32;r 368 400 368 464 0 2000.0
32;528;w 640 416 688 416 0
519;32;
350;333;d 400 400 448 400 1 0.805904783
360;333;
333;352;
348;333;r 368 304 480 304 0 1000.0
360;352;w 528 464 528 368 0
360;352;
438;360;d 544 352 496 352 1 0.805904783
360;480;d 240 336 368 336 1 0.805904783
482;360;d 400 240 304 240 1 0.805904783
401;382;d 432 384 464 384 1 0.805904783
410;382;
402;386;d 592 384 624 384 1 0.805904783
410;386;
401;441;d 432 384 400 384 1 0.805904783
402;528;d 592 384 560 384 1 0.805904783
438;432;d 544 384 592 384 1 0.805904783
432;441;
482;465;d 400 400 448 400 1 0.805904783
492;465;
465;484;
480;465;r 368 304 480 304 0 1000.0
492;484;w 528 464 528 368 0
492;484;
525;519;d 544 384 592 384 1 0.805904783
519;528;
593;7;d 544 416 496 416 1 0.805904783
7;711;d 240 336 368 336 1 0.805904783
713;7;d 400 240 304 240 1 0.805904783
593;11;d 544 384 496 384 1 0.805904783
11;711;d 272 368 368 368 1 0.805904783
713;11;d 400 272 272 272 1 0.805904783
624;32;d 544 384 496 384 1 0.805904783
32;767;d 272 368 368 368 1 0.805904783
769;32;d 400 272 272 272 1 0.805904783
62;779;r 624 176 624 256 0 1000.0
62;672;r 768 224 768 320 0 1000.0
593;62;r 544 304 544 224 0 4700.0
62;587;r 640 224 640 336 0 1000.0
62;596;r 688 224 688 320 0 1000.0
624;62;r 544 304 544 224 0 4700.0
62;618;r 640 224 640 336 0 1000.0
62;627;r 688 224 688 320 0 1000.0
663;62;r 432 304 432 224 0 4700.0
62;644;r 512 224 512 304 0 1000.0
62;664;r 592 224 592 304 0 4700.0
62;672;r 672 224 672 304 0 1000.0
62;713;r 400 176 400 240 0 2000.0
62;723;r 624 176 624 256 0 1000.0
62;715;r 528 176 528 304 0 1000.0
62;769;r 400 176 400 240 0 2000.0
62;771;r 528 176 528 304 0 1000.0
624;62;d 544 416 496 416 1 0.805904783
593;62;d 544 352 496 352 1 0.805904783
32;596;w 640 416 688 416 0
587;32;
32;627;w 640 416 688 416 0
618;32;
644;32;
32;648;
32;672;
32;696;w 416 464 480 464 0
711;32;r 368 400 368 464 0 2000.0
32;752;w 416 464 480 464 0
767;32;r 368 400 368 464 0 2000.0
593;587;d 544 384 592 384 1 0.805904783
587;596;
664;596;d 592 384 560 384 1 0.805904783
624;618;d 544 384 592 384 1 0.805904783
618;627;
624;723;d 544 352 496 352 1 0.805904783
663;627;d 432 384 400 384 1 0.805904783
663;644;d 432 384 464 384 1 0.805904783
672;644;
664;648;d 592 384 624 384 1 0.805904783
672;648;
713;696;d 400 400 448 400 1 0.805904783
723;696;
696;715;
711;696;r 368 304 480 304 0 1000.0
723;715;w 528 464 528 368 0
723;715;
723;767;d 240 336 368 336 1 0.805904783
769;723;d 400 240 304 240 1 0.805904783
769;752;d 400 400 448 400 1 0.805904783
779;752;
752;771;
767;752;r 368 304 480 304 0 1000.0
779;771;w 528 464 528 368 0
779;771;
950;8;d 544 416 496 416 1 0.805904783
8;860;d 240 336 368 336 1 0.805904783
862;8;d 400 240 304 240 1 0.805904783
950;12;d 544 384 496 384 1 0.805904783
12;860;d 272 368 368 368 1 0.805904783
862;12;d 400 272 272 272 1 0.805904783
981;672;d 544 384 496 384 1 0.805904783
672;1023;d 272 368 368 368 1 0.805904783
1025;672;d 400 272 272 272 1 0.805904783
62;1035;r 624 176 624 256 0 1000.0
62;922;r 768 224 768 320 0 1000.0
62;862;r 400 176 400 240 0 2000.0
62;872;r 624 176 624 256 0 1000.0
62;864;r 528 176 528 304 0 1000.0
913;62;r 432 304 432 224 0 4700.0
62;894;r 512 224 512 304 0 1000.0
62;914;r 592 224 592 304 0 4700.0
62;922;r 672 224 672 304 0 1000.0
950;62;r 544 304 544 224 0 4700.0
62;944;r 640 224 640 336 0 1000.0
62;953;r 688 224 688 320 0 1000.0
981;62;r 544 304 544 224 0 4700.0
62;975;r 640 224 640 336 0 1000.0
62;984;r 688 224 688 320 0 1000.0
62;1025;r 400 176 400 240 0 2000.0
62;1027;r 528 176 528 304 0 1000.0
981;62;d 544 416 496 416 1 0.805904783
950;62;d 544 352 496 352 1 0.805904783
32;845;w 416 464 480 464 0
860;32;r 368 400 368 464 0 2000.0
894;32;
32;898;
32;922;
32;953;w 640 416 688 416 0
944;32;
32;984;w 640 416 688 416 0
975;32;
32;1008;w 416 464 480 464 0
1023;32;r 368 400 368 464 0 2000.0
862;845;d 400 400 448 400 1 0.805904783
872;845;
845;864;
860;845;r 368 304 480 304 0 1000.0
872;864;w 528 464 528 368 0
872;864;
981;872;d 544 352 496 352 1 0.805904783
872;1023;d 240 336 368 336 1 0.805904783
1025;872;d 400 240 304 240 1 0.805904783
913;894;d 432 384 464 384 1 0.805904783
922;894;
914;898;d 592 384 624 384 1 0.805904783
922;898;
913;984;d 432 384 400 384 1 0.805904783
914;953;d 592 384 560 384 1 0.805904783
950;944;d 544 384 592 384 1 0.805904783
944;953;
981;975;d 544 384 592 384 1 0.805904783
975;984;
1025;1008;d 400 400 448 400 1 0.805904783
1035;1008;
1008;1027;
1023;1008;r 368 304 480 304 0 1000.0
1035;1027;w 528 464 528 368 0
1035;1027;
.7;MyLogicInputElm
.8;MyLogicInputElm
.9;MyLogicInputElm
.10;MyLogicInputElm
.11;MyLogicInputElm
.12;MyLogicInputElm
.13;MyLogicInputElm
.14;MyLogicInputElm
.15;MyLogicOutputElm
.16;MyLogicOutputElm
.17;MyLogicOutputElm
.18;MyLogicOutputElm
.23;MyLogicOutputElm
.32;GroundElm
.62;RailElm
.75;TransistorElm
.81;*
.84;TransistorElm
.108;TransistorElm
.123;*
.125;*
.127;TransistorElm
.135;TransistorElm
.157;TransistorElm
.161;TransistorElm
.176;*
.177;*
.185;TransistorElm
.209;TransistorElm
.224;*
.226;*
.228;TransistorElm
.236;TransistorElm
.263;TransistorElm
.269;*
.272;TransistorElm
.333;TransistorElm
.348;*
.350;*
.352;TransistorElm
.360;TransistorElm
.382;TransistorElm
.386;TransistorElm
.401;*
.402;*
.410;TransistorElm
.432;TransistorElm
.438;*
.441;TransistorElm
.465;TransistorElm
.480;*
.482;*
.484;TransistorElm
.492;TransistorElm
.519;TransistorElm
.525;*
.528;TransistorElm
.587;TransistorElm
.593;*
.596;TransistorElm
.618;TransistorElm
.624;*
.627;TransistorElm
.644;TransistorElm
.648;TransistorElm
.663;*
.664;*
.672;TransistorElm
.696;TransistorElm
.711;*
.713;*
.715;TransistorElm
.723;TransistorElm
.752;TransistorElm
.767;*
.769;*
.771;TransistorElm
.779;TransistorElm
.845;TransistorElm
.860;*
.862;*
.864;TransistorElm
.872;TransistorElm
.894;TransistorElm
.898;TransistorElm
.913;*
.914;*
.922;TransistorElm
.944;TransistorElm
.950;*
.953;TransistorElm
.975;TransistorElm
.981;*
.984;TransistorElm
.1008;TransistorElm
.1023;*
.1025;*
.1027;TransistorElm
.1035;TransistorElm
