6;19;r 352 192 464 192 0 1000.0
6;32;
6;15;w 464 240 480 240 0
7;13;w 576 192 512 192 0
7;9;w 608 144 608 176 0
7;37;
9;7;w 608 144 608 176 0
9;36;r 608 64 608 144 0 300.0
9;37;162 608 144 688 144 1 2.1024259 1.0 0.0 0.0
13;15;
13;7;w 576 192 512 192 0
13;36;r 512 64 512 192 0 1000.0
15;37;w 512 352 512 256 0
15;6;w 464 240 480 240 0
15;13;
18;28;d 384 288 432 288 1 0.805904783
18;61;d 384 160 256 160 1 0.805904783
18;36;r 384 64 384 128 0 2000.0
18;27;d 384 128 288 128 1 0.805904783
19;37;r 352 288 352 352 0 2000.0
19;61;d 256 256 352 256 1 0.805904783
19;6;r 352 192 464 192 0 1000.0
19;27;d 224 224 352 224 1 0.805904783
27;18;d 384 128 288 128 1 0.805904783
27;19;d 224 224 352 224 1 0.805904783
27;36;r 128 64 128 128 0 1000.0
27;50;w 96 224 128 224 0
28;18;d 384 288 432 288 1 0.805904783
28;32;
32;6;
32;28;
32;37;
36;18;r 384 64 384 128 0 2000.0
36;13;r 512 64 512 192 0 1000.0
36;9;r 608 64 608 144 0 300.0
36;61;r 160 64 160 160 0 1000.0
36;59;r 0 64 128 64 0 10000.0
36;27;r 128 64 128 128 0 1000.0
37;19;r 352 288 352 352 0 2000.0
37;9;162 608 144 688 144 1 2.1024259 1.0 0.0 0.0
37;32;
37;15;w 512 352 512 256 0
37;7;
37;50;w 96 256 96 352 0
37;46;
38;59;s 0 320 64 320 0 0 false
38;46;
46;38;
46;61;w 160 304 160 256 0
46;37;
50;59;s 0 240 64 240 0 0 false
50;27;w 96 224 128 224 0
50;37;w 96 256 96 352 0
59;36;r 0 64 128 64 0 10000.0
59;38;s 0 320 64 320 0 0 false
59;50;s 0 240 64 240 0 0 false
61;36;r 160 64 160 160 0 1000.0
61;46;w 160 304 160 256 0
61;18;d 384 160 256 160 1 0.805904783
61;19;d 256 256 352 256 1 0.805904783
.6;*
.7;TransistorElm
.9;*
.13;*
.15;TransistorElm
.18;*
.19;*
.27;*
.28;*
.32;TransistorElm
.36;RailElm
.37;GroundElm
.38;*
.46;TransistorElm
.50;TransistorElm
.59;*
.61;*
